female
82.252
79.056
85.063
78.971
69.984
85.58
89.554
88.201
92.987
68.614
83.302
73.006
92.576
75.935
91.288
100.85
103.964
83.369
88.284
89.996
85.971
81.034
69.037
109.496
93.725
87.631
113.195
81.541
95.158
91.666
92.951
91.629
109.394
75.091
107.808
99.877
93.078
52.785
83.372
95.806
83.322
81.369
78.438
92.292
83.635
87.577
87.519
86.272
102.677
89.901
79.625
59.456
78.528
89.042
97.302
95.457
74.905
107.741
116.569
84.009
87.792
86.17
87.694
82.807
91.457
95.548
54.951
121.268
127.61
92.034
97.099
101.101
70.581
79.116
88.498
93.359
100.187
88.784
115.284
90.12
100.935
77.929
106.814
86.724
69.529
102.19
100.001
103.739
70.143
73.131
88.739
98.755
80.599
82.811
97.351
53.019
95.327
78.316
80.256
86.093
107.406
94.836
98.632
101.612
97.976
89.364
108.286
110.813
80.557
78.023
89.077
82.027
93.594
106.815
80.756
103.708
98.96
90.974
71.28
96.376
106.55
87.16
84.458
63.519
78.863
89.555
78.716
113.109
80.688
91.908
96.464
66.876
95.796
84.057
91.279
84.655
99.459
86.575
96.022
89.91
67.019
87.379
92.959
103.473
89.253
76.56
91.793
92.084
71.408
60.956
